1 0
2 0
3 0
4 0
5 0
6 0
7 0
8 0
9 0
10 0
11 0
12 0
13 0
14 0
15 0
16 0
17 0
18 0
19 0
20 0
21 0
22 0
23 0
24 0
25 0
26 0
27 0
28 0
29 0
30 0
31 0
32 0
33 0
34 0
35 0
36 0
37 0
38 0
39 0
40 0
41 0
42 0
43 0
44 0
45 0
46 0
47 0
48 0
49 0
50 0
51 0
52 0
53 0
54 0
55 0
56 0
57 0
58 0
59 0
60 0
61 0
62 0
63 0
64 0
65 0
66 0
67 0
68 0
69 0
70 0
71 0
72 0
73 0
74 0
75 0
76 0
77 0
78 0
79 0
80 0
81 0
82 0
83 0
84 0
85 0
86 0
87 0
88 0
89 0
90 0
91 0
92 0
93 0
94 0
95 0
96 0
97 0
98 0
99 0
100 0
101 0
102 0
103 0
104 0
105 0
106 0
107 0
108 0
109 0
110 0
111 0
112 0
113 0
114 3
115 3
116 3
117 3
118 3
119 3
120 3
121 3
122 3
123 3
124 3
125 3
126 4
127 5
128 5
129 5
130 5
131 5
132 5
133 5
134 5
135 8
136 8
137 8
138 8
139 8
140 8
141 9
142 9
143 9
144 13
145 13
146 13
147 13
148 13
149 14
150 14
151 14
152 14
153 14
154 14
155 14
156 14
157 14
158 14
159 14
160 14
161 14
162 14
163 14
164 17
165 17
166 17
167 17
168 17
169 17
170 17
171 17
172 17
173 17
174 17
175 17
176 17
177 17
178 17
179 17
180 17
181 19
182 19
183 19
184 19
185 19
186 19
187 19
188 19
189 19
190 19
191 19
192 19
193 19
194 19
195 19
196 19
197 19
198 19
199 19
200 19
201 19
202 19
203 19
204 19
205 19
206 19
207 19
208 19
209 19
210 19
211 19
212 19
213 19
214 19
215 19
216 19
217 19
218 19
219 19
220 24
221 24
222 24
223 24
224 24
225 24
226 24
227 24
228 24
229 24
230 24
231 24
232 24
233 24
234 24
235 24
236 24
237 24
238 24
239 24
240 24
241 24
242 24
243 24
244 24
245 24
246 24
247 24
248 24
249 24
250 24
251 24
252 24
253 24
254 24
255 24
256 24
257 24
258 24
259 24
260 24
261 24
262 24
263 24
264 24
265 24
266 24
267 24
268 24
269 24
270 24
271 24
272 24
273 24
274 24
275 24
276 24
277 24
278 24
279 24
280 24
281 24
282 24
283 24
284 24
285 24
286 24
287 24
288 24
289 24
290 24
291 24
292 24
293 24
294 24
295 24
296 24
297 24
298 24
299 24
300 24
301 24
302 24
303 24
304 24
305 24
306 24
307 24
308 24
309 24
310 24
311 24
312 24
313 24
314 24
315 24
316 24
317 24
318 24
319 24
320 24
321 24
322 24
323 24
324 24
325 24
326 24
327 24
328 24
329 24
330 24
331 24
332 24
333 24
334 24
335 24
336 24
337 24
338 24
339 24
340 24
341 24
342 24
343 24
344 24
345 24
346 24
347 24
348 24
349 24
350 24
351 24
352 24
353 24
354 24
355 24
356 24
357 24
358 24
359 24
360 24
361 24
362 24
363 24
364 24
365 24
366 24
367 24
368 24
369 24
370 24
371 24
372 24
373 24
374 24
375 24
376 24
377 24
378 24
379 24
380 24
381 24
382 24
383 24
384 24
385 24
386 24
387 24
388 24
389 24
390 24
391 24
392 24
393 24
394 24
395 24
396 24
397 24
398 24
399 24
400 24
401 24
402 24
403 24
404 24
405 24
406 24
407 24
408 24
409 24
410 24
411 24
412 24
413 24
414 24
415 24
416 24
417 24
418 24
419 24
420 24
421 24
422 24
423 24
424 25
425 25
426 25
427 25
428 25
429 25
430 25
431 41
432 41
433 41
434 41
435 41
436 46
437 46
438 47
439 47
440 47
441 47
442 47
443 49
444 49
445 49
446 53
447 55
448 57
449 57
450 57
451 57
452 60
453 60
454 61
455 61
456 61
457 62
458 65
459 65
460 65
461 65
462 66
463 66
464 68
465 68
466 78
467 80
468 80
469 80
470 80
471 80
472 80
473 80
474 80
475 80
476 80
477 80
478 80
479 80
480 80
481 82
482 82
483 82
484 82
485 82
486 82
487 82
488 82
489 82
490 82
491 82
492 82
493 82
494 82
495 82
496 82
497 82
498 82
499 82
500 82
501 82
502 82
503 82
504 82
505 83
506 83
507 83
508 83
509 83
510 83
511 83
512 83
513 83
514 83
515 83
516 83
517 83
518 83
519 83
520 83
521 83
522 83
523 83
524 83
525 83
526 83
527 83
528 83
529 83
530 83
531 83
532 83
533 83
534 83
535 83
536 83
537 83
538 83
539 83
540 83
541 83
542 83
543 83
544 83
545 83
546 83
547 83
548 83
549 83
550 83
551 83
552 83
553 83
554 83
555 83
556 83
557 83
558 83
559 83
560 83
561 83
562 83
563 83
564 83
565 83
566 83
567 83
568 83
569 83
570 83
571 83
572 83
573 83
574 83
575 83
576 83
577 83
578 83
579 83
580 83
581 83
582 83
583 83
584 83
585 83
586 83
587 83
588 83
589 83
590 83
591 83
592 83
593 83
594 83
595 83
596 83
597 83
598 83
599 83
600 83
601 83
602 83
603 83
604 83
605 83
606 83
607 83
608 83
609 83
610 83
611 83
612 83
613 83
614 83
615 83
616 83
617 83
618 83
619 83
620 83
621 83
622 83
623 83
624 83
625 83
626 83
627 83
628 83
629 83
630 83
631 83
632 83
633 83
634 83
635 83
636 83
637 83
638 83
639 83
640 83
641 83
642 83
643 83
644 83
645 83
646 83
647 105
648 105
649 105
650 105
651 105
652 105
653 105
654 107
655 107
656 118
657 118
658 119
659 119
660 122
661 122
662 133
663 136
664 145
665 145
666 145
667 145
668 162
669 165
670 167
671 168
672 168
673 171
674 171
675 181
676 184
677 188
678 188
679 188
680 188
681 188
682 188
683 188
684 188
685 188
686 188
687 188
688 188
689 188
690 188
691 188
692 188
693 188
694 188
695 188
696 188
697 188
698 188
699 188
700 188
701 188
702 188
703 188
704 188
705 188
706 188
707 188
708 188
709 188
710 188
711 188
712 188
713 188
714 188
715 188
716 188
717 188
718 188
719 188
720 188
721 188
722 188
723 188
724 188
725 188
726 188
727 188
728 188
729 188
730 188
731 188
732 188
733 188
734 188
735 188
736 188
737 188
738 188
739 188
740 188
741 188
742 188
743 188
744 188
745 188
746 188
747 188
748 188
749 188
750 188
751 188
752 188
753 188
754 188
755 188
756 188
757 188
758 188
759 188
760 188
761 188
762 188
763 188
764 188
765 188
766 188
767 188
768 188
769 188
770 188
771 188
772 188
773 188
774 188
775 188
776 188
777 188
778 188
779 188
780 188
781 188
782 189
783 189
784 189
785 189
786 189
787 194
788 196
789 245
790 249
791 253
792 269
793 274
794 288
795 288
796 288
797 289
798 289
799 290
800 295
801 295
802 295
803 295
804 296
805 296
806 301
807 303
808 305
809 305
810 305
811 305
812 305
813 306
814 306
815 306
816 306
817 306
818 306
819 306
820 306
821 306
822 306
823 306
824 306
825 306
826 306
827 306
828 306
829 306
830 306
831 306
832 306
833 306
834 306
835 306
836 306
837 306
838 306
839 306
840 306
841 306
842 306
843 306
844 306
845 306
846 306
847 306
848 306
849 306
850 306
