0.01395391543919942
0.015561853723107553
0.017344234497199056
0.0193186827444368
0.02150445548512143
0.023922576716204878
0.026595981834671358
0.02954967204640673
0.03281087927244212
0.03640924207340121
0.04037699312018316
0.04474915874412412
0.049563771102870614
0.054862093498680244
0.060688859383583975
0.06709252558050238
0.07412554024070425
0.08184462604563571
0.09031107914479242
0.09959108430065479
0.10975604668640974
0.12088294075191099
0.1330546765377517
0.14636048377609456
0.16089631406969218
0.17676526138701001
0.1940780010512011
0.21295324733358395
0.2335182296879277
0.25590918757998476
0.2802718837770784
0.3067621358648926
0.33554636565277624
0.366802166014632
0.40071888458974353
0.4374982236365771
0.4773548551926561
0.5205170505450801
0.5672273228591822
0.6177430816473544
0.6723372975864513
0.7312991760105793
0.7949348372169986
0.8635680015266165
0.9375406768376885
1.0172138462025402
1.1029681527429454
1.1952045790011876
1.2943451176016019
1.4008334298724847
1.5151354888519875
1.637740202874815
1.7691600157109273
1.9099314790040633
2.0606157925384934
2.2217993076484612
2.3940939888779007
2.5781378288002945
2.774595210721429
2.9841572138135684
3.2075418550701107
3.445494262327022
3.6987867724738126
3.96821894887406
4.254617511936317
4.558836176722469
4.881755391454382
5.224281970783645
5.587348617724896
5.971913328223107
6.378958672431421
6.809490946919867
7.264539192219647
7.745154070332874
8.2524065971064
8.787386724681486
9.351201769589583
9.944974682469917
10.56984215583704
11.226952566826744
11.917463752397218
12.642540615057767
13.403352557841455
14.201070747927405
15.036865209054232
15.911901743645537
16.827338686389584
17.78432349187726
18.783989159800896
19.82745050214948
20.915800257800292
22.050105060897046
23.231401270419365
24.460690669380124
25.738936043132455
27.067056647322545
28.44592357707907
29.87635505008361
31.35911161720794
32.89489131543098
34.48432477875057
36.1279703237788
37.82630902764512
39.579739816722935
41.38857458553554
43.253033365977466
45.173239567702886
47.149215311172725
49.18087687541354
51.26803028301474
53.41036704526867
55.607460090638824
57.85875989991235
60.16359087145509
62.5211479399311
64.93049347166996
67.39055445956504
69.9001200399513
72.45783935335115
75.06221977027992
77.71162550247284
80.40427661893098
83.13824848508544
85.91147164214783
88.72173214235438
91.56667235432285
94.44379225113077
97.35045119199435
100.2838702065881
103.24113478909929
106.21919820706906
109.2148853279419
112.22489696403491
115.24581473436
118.27410643939625
121.30613194252669
124.33814954943868
127.36632287434865
130.3867281794691
133.3953621716949
136.38815023806964
139.36095509920696
142.3095858575074
145.2298074147382
148.1173502313504
150.9679203978015
153.77720998615843
156.54090764837366
159.25470942588387
161.9143297335774
164.51551247973296
167.05404228225444
169.52575574042717
171.92655272050845
174.2524076127479
176.4993805169191
178.66362831313654
180.7414155746392
182.72912527934582
184.62326927732715
186.42049847190552
188.11761267286843
189.71157008128466
191.19949636662
192.57869329827258
193.84664689526886
195.0010350596836
196.03973466135108
196.9608280436191
197.76260892224664
198.44358765204873
199.00249583853648
199.438290274569
199.7501561849162
199.93750976460785
200.0
199.93750976460785
199.7501561849162
199.438290274569
199.00249583853648
198.44358765204873
197.76260892224664
196.9608280436191
196.03973466135108
195.0010350596836
193.84664689526886
192.57869329827258
191.19949636662
189.71157008128466
188.11761267286843
186.42049847190552
184.62326927732715
182.72912527934582
180.7414155746392
178.66362831313654
176.4993805169191
174.2524076127479
171.92655272050845
169.52575574042717
167.05404228225444
164.51551247973296
161.9143297335774
159.25470942588387
156.54090764837366
153.77720998615843
150.9679203978015
148.1173502313504
145.2298074147382
142.3095858575074
139.36095509920696
136.38815023806964
133.3953621716949
130.3867281794691
127.36632287434865
124.33814954943868
121.30613194252669
118.27410643939625
115.24581473436
112.22489696403491
109.2148853279419
106.21919820706906
103.24113478909929
100.2838702065881
97.35045119199435
94.44379225113077
91.56667235432285
88.72173214235438
85.91147164214783
83.13824848508544
80.40427661893098
77.71162550247284
75.06221977027992
72.45783935335115
69.9001200399513
67.39055445956504
64.93049347166996
62.5211479399311
60.16359087145509
57.85875989991235
55.607460090638824
53.41036704526867
51.26803028301474
49.18087687541354
47.149215311172725
45.173239567702886
43.253033365977466
41.38857458553554
39.579739816722935
37.82630902764512
36.1279703237788
34.48432477875057
32.89489131543098
31.35911161720794
29.87635505008361
28.44592357707907
27.067056647322545
25.738936043132455
24.460690669380124
23.231401270419365
22.050105060897046
20.915800257800292
19.82745050214948
18.783989159800896
17.78432349187726
16.827338686389584
15.911901743645537
15.036865209054232
14.201070747927405
13.403352557841455
12.642540615057767
11.917463752397218
11.226952566826744
10.56984215583704
9.944974682469917
9.351201769589583
8.787386724681486
8.2524065971064
7.745154070332874
7.264539192219647
6.809490946919867
6.378958672431421
5.971913328223107
5.587348617724896
5.224281970783645
4.881755391454382
4.558836176722469
4.254617511936317
3.96821894887406
3.6987867724738126
3.445494262327022
3.2075418550701107
2.9841572138135684
2.774595210721429
2.5781378288002945
2.3940939888779007
2.2217993076484612
2.0606157925384934
1.9099314790040633
1.7691600157109273
1.637740202874815
1.5151354888519875
1.4008334298724847
1.2943451176016019
1.1952045790011876
1.1029681527429454
1.0172138462025402
0.9375406768376885
0.8635680015266165
0.7949348372169986
0.7312991760105793
0.6723372975864513
0.6177430816473544
0.5672273228591822
0.5205170505450801
0.4773548551926561
0.4374982236365771
0.40071888458974353
0.366802166014632
0.33554636565277624
0.3067621358648926
0.2802718837770784
0.25590918757998476
0.2335182296879277
0.21295324733358395
0.1940780010512011
0.17676526138701001
0.16089631406969218
0.14636048377609456
0.1330546765377517
0.12088294075191099
0.10975604668640974
0.09959108430065479
0.09031107914479242
0.08184462604563571
0.07412554024070425
0.06709252558050238
0.060688859383583975
0.054862093498680244
0.049563771102870614
0.04474915874412412
0.04037699312018316
0.03640924207340121
0.03281087927244212
0.02954967204640673
0.026595981834671358
0.023922576716204878
0.02150445548512143
0.0193186827444368
0.017344234497199056
0.015561853723107553
0.033971335312282074
0.039011263936259435
0.044749158744124114
0.05127399772110865
0.0586849764725543
0.06709252558050237
0.07661940880507685
0.08740190597994954
0.09959108430065478
0.11335416149732956
0.12887596411372154
0.14636048377609454
0.16603253392297157
0.18813950897358048
0.21295324733358392
0.24077199896564078
0.27192249748430036
0.3067621358648926
0.34568124388019095
0.38910546429318577
0.43749822363657703
0.4913632920978571
0.551247425602488
0.6177430816473544
0.6914911987844802
0.7731840278945609
0.8635680015266164
0.9634466256212371
1.07368337588972
1.1952045790011876
1.329002256548281
1.47613690753485
1.6377402028748147
1.8150175631303103
2.009250588472824
2.2217993076484617
2.4541042105956503
2.7076880273304735
2.984157213813569
3.2852031037771097
3.612602683956255
3.9682189488740596
4.354000790309673
4.77198237587605
5.224281970783644
5.713100156910076
6.240717403769823
6.809490946919866
7.421850930780974
8.08029577483265
8.787386724681484
9.545741552632826
10.358027376134695
11.226952566826744
12.155257727924837
13.14570572330609
14.201070747927403
15.324126436098707
16.517633011622983
17.784323491877263
19.126888966507728
20.547962980498866
22.050105060897046
23.635783436356103
25.307357008854357
27.06705664732254
28.916965883431427
30.85900110031366
32.894891315430975
35.02615766903019
37.254092739540184
39.579739816722935
42.00387227227764
44.52697317577818
47.14921531117271
49.87044175545923
52.69014718645135
55.60746009063882
58.621126044919734
61.72949224732378
64.93049347166995
68.22163961931842
71.60000503771995
75.06221977027991
78.6044628951018
82.2224581014375
85.91147164214782
89.6663127881886
93.48133689712377
97.35045119199432
101.26712332962012
105.22439281869131
109.21488532794189
113.23082990343951
117.26407909173969
121.30613194252668
125.3481598405986
129.3810350928705
133.39536217169487
137.38151149147754
141.32965557154324
145.22980741473816
149.07186090859608
152.84563303429812
156.54090764837363
160.1474805833616
163.65520579670988
167.0540422822544
170.33410144588822
173.48569463668215
176.49938051691908
179.36601194937379
182.07678207782845
184.62326927732718
186.99748065409065
189.19189378135306
191.19949636661997
193.01382355793606
194.62899261161022
196.03973466135105
197.2414233487833
198.230100097657
199.00249583853645
199.55604901712127
199.88891974737163
200.0
199.88891974737163
199.55604901712127
199.00249583853645
198.230100097657
197.2414233487833
196.03973466135105
194.62899261161022
193.01382355793606
191.19949636661997
189.19189378135306
186.99748065409065
184.62326927732718
182.07678207782845
179.36601194937379
176.49938051691908
173.48569463668215
170.33410144588822
167.0540422822544
163.65520579670988
160.1474805833616
156.54090764837363
152.84563303429812
149.07186090859608
145.22980741473816
141.32965557154324
137.38151149147754
133.39536217169487
129.3810350928705
125.3481598405986
121.30613194252668
117.26407909173969
113.23082990343951
109.21488532794189
105.22439281869131
101.26712332962012
97.35045119199432
93.48133689712377
89.6663127881886
85.91147164214782
82.2224581014375
78.6044628951018
75.06221977027991
71.60000503771995
68.22163961931842
64.93049347166995
61.72949224732378
58.621126044919734
55.60746009063882
52.69014718645135
49.87044175545923
47.14921531117271
44.52697317577818
42.00387227227764
39.579739816722935
37.254092739540184
35.02615766903019
32.894891315430975
30.85900110031366
28.916965883431427
27.06705664732254
25.307357008854357
23.635783436356103
22.050105060897046
20.547962980498866
19.126888966507728
17.784323491877263
16.517633011622983
15.324126436098707
14.201070747927403
13.14570572330609
12.155257727924837
11.226952566826744
10.358027376134695
9.545741552632826
8.787386724681484
8.08029577483265
7.421850930780974
6.809490946919866
6.240717403769823
5.713100156910076
5.224281970783644
4.77198237587605
4.354000790309673
3.9682189488740596
3.612602683956255
3.2852031037771097
2.984157213813569
2.7076880273304735
2.4541042105956503
2.2217993076484617
2.009250588472824
1.8150175631303103
1.6377402028748147
1.47613690753485
1.329002256548281
1.1952045790011876
1.07368337588972
0.9634466256212371
0.8635680015266164
0.7731840278945609
0.6914911987844802
0.6177430816473544
0.551247425602488
0.4913632920978571
0.43749822363657703
0.38910546429318577
0.34568124388019095
0.3067621358648926
0.27192249748430036
0.24077199896564078
0.21295324733358392
0.18813950897358048
0.16603253392297157
0.14636048377609454
0.12887596411372154
0.11335416149732956
0.09959108430065478
0.08740190597994954
0.07661940880507685
0.06709252558050237
0.0586849764725543
0.05127399772110865
0.044749158744124114
0.039011263936259435
0.17676526138701001
0.21295324733358395
0.25590918757998476
0.3067621358648926
0.366802166014632
0.4374982236365771
0.5205170505450801
0.6177430816473544
0.7312991760105793
0.8635680015266165
1.0172138462025402
1.1952045790011876
1.4008334298724847
1.637740202874815
1.9099314790040633
2.2217993076484612
2.5781378288002945
2.9841572138135684
3.445494262327022
3.96821894887406
4.558836176722469
5.224281970783645
5.971913328223107
6.809490946919867
7.745154070332874
8.787386724681486
9.944974682469917
11.226952566826744
12.642540615057767
14.201070747927405
15.911901743645537
17.78432349187726
19.82745050214948
22.050105060897046
24.460690669380124
27.067056647322545
29.87635505008361
32.89489131543098
36.1279703237788
39.579739816722935
43.253033365977466
47.149215311172725
51.26803028301474
55.607460090638824
60.16359087145509
64.93049347166996
69.9001200399513
75.06221977027992
80.40427661893098
85.91147164214783
91.56667235432285
97.35045119199435
103.24113478909929
109.2148853279419
115.24581473436
121.30613194252669
127.36632287434865
133.3953621716949
139.36095509920696
145.2298074147382
150.9679203978015
156.54090764837366
161.9143297335774
167.05404228225444
171.92655272050845
176.4993805169191
180.7414155746392
184.62326927732715
188.11761267286843
191.19949636662
193.84664689526886
196.03973466135108
197.76260892224664
199.00249583853648
199.7501561849162
200.0
199.7501561849162
199.00249583853648
197.76260892224664
196.03973466135108
193.84664689526886
191.19949636662
188.11761267286843
184.62326927732715
180.7414155746392
176.4993805169191
171.92655272050845
167.05404228225444
161.9143297335774
156.54090764837366
150.9679203978015
145.2298074147382
139.36095509920696
133.3953621716949
127.36632287434865
121.30613194252669
115.24581473436
109.2148853279419
103.24113478909929
97.35045119199435
91.56667235432285
85.91147164214783
80.40427661893098
75.06221977027992
69.9001200399513
64.93049347166996
60.16359087145509
55.607460090638824
51.26803028301474
47.149215311172725
43.253033365977466
39.579739816722935
36.1279703237788
32.89489131543098
29.87635505008361
27.067056647322545
24.460690669380124
22.050105060897046
19.82745050214948
17.78432349187726
15.911901743645537
14.201070747927405
12.642540615057767
11.226952566826744
9.944974682469917
8.787386724681486
7.745154070332874
6.809490946919867
5.971913328223107
5.224281970783645
4.558836176722469
3.96821894887406
3.445494262327022
2.9841572138135684
2.5781378288002945
2.2217993076484612
1.9099314790040633
1.637740202874815
1.4008334298724847
1.1952045790011876
1.0172138462025402
0.8635680015266165
0.7312991760105793
0.6177430816473544
0.5205170505450801
0.4374982236365771
0.366802166014632
0.3067621358648926
0.25590918757998476
0.21295324733358395
0.7731840278945609
0.9634466256212371
1.1952045790011876
1.47613690753485
1.8150175631303103
2.2217993076484617
2.7076880273304735
3.2852031037771097
3.9682189488740596
4.77198237587605
5.713100156910076
6.809490946919866
8.08029577483265
9.545741552632826
11.226952566826744
13.14570572330609
15.324126436098707
17.784323491877263
20.547962980498866
23.635783436356103
27.06705664732254
30.85900110031366
35.02615766903019
39.579739816722935
44.52697317577818
49.87044175545923
55.60746009063882
61.72949224732378
68.22163961931842
75.06221977027991
82.2224581014375
89.6663127881886
97.35045119199432
105.22439281869131
113.23082990343951
121.30613194252668
129.3810350928705
137.38151149147754
145.22980741473816
152.84563303429812
160.1474805833616
167.0540422822544
173.48569463668215
179.36601194937379
184.62326927732718
189.19189378135306
193.01382355793606
196.03973466135105
198.230100097657
199.55604901712127
200.0
199.55604901712127
198.230100097657
196.03973466135105
193.01382355793606
189.19189378135306
184.62326927732718
179.36601194937379
173.48569463668215
167.0540422822544
160.1474805833616
152.84563303429812
145.22980741473816
137.38151149147754
129.3810350928705
121.30613194252668
113.23082990343951
105.22439281869131
97.35045119199432
89.6663127881886
82.2224581014375
75.06221977027991
68.22163961931842
61.72949224732378
55.60746009063882
49.87044175545923
44.52697317577818
39.579739816722935
35.02615766903019
30.85900110031366
27.06705664732254
23.635783436356103
20.547962980498866
17.784323491877263
15.324126436098707
13.14570572330609
11.226952566826744
9.545741552632826
8.08029577483265
6.809490946919866
5.713100156910076
4.77198237587605
3.9682189488740596
3.2852031037771097
2.7076880273304735
2.2217993076484617
1.8150175631303103
1.47613690753485
1.1952045790011876
0.9634466256212371
